proj:       1
zone:       11
north:      4213325
south:      4134925
east:       409545
west:       310145
cols:       3313
rows:       2613
e-w resol:  30.00301841
n-s resol:  30.00382702
top:        1
bottom:     0
cols3:      1
rows3:      1
depths:     1
e-w resol3: 1
n-s resol3: 1
t-b resol:  1
