proj:       1
zone:       -18
north:      138562
south:      129879
east:       245786
west:       232854
cols:       1544
rows:       1160
e-w resol:  8.37564767
n-s resol:  7.48534483
format:     -1
compressed: 1
